[views/add_custom]
version = 9.3.0
modtime = 1764631304.675542000

[views/itsi__maintenance_search]
version = 9.3.0
modtime = 1764637953.234150000
